572
908996
960937
954494
968512
947226
924069
904610
987436
928384
991743
994153
961519
967350
949128
909333
910907
927746
982618
933114
981978
957791
933817
913200
998981
959773
924234
932579
934113
985255
957922
972464
905746
956849
999718
909666
938794
960030
903660
909470
994032
901082
979694
924407
966293
959928
928374
990826
950184
932950
946389
903591
997736
902907
921588
944058
953166
961354
936904
900843
971516
963020
937849
970672
994613
908841
976685
920644
929675
961871
907573
993360
981117
982316
933114
921597
994032
923341
963946
906563
991948
957384
980276
926464
958421
960004
908858
947170
930933
947499
993374
941031
925233
984760
976130
917206
925255
906039
972946
998953
989967
933343
910880
976523
948115
986654
918191
926884
969459
950050
948080
938641
987239
989484
976891
953495
938278
906766
950195
996379
941431
917169
914669
954685
973441
926896
982351
910323
989588
922917
974756
969514
939606
985894
985563
934505
945779
979826
905413
986737
983885
908141
996805
996539
992407
944088
953043
921925
985798
934262
952923
906879
972315
959135
942070
938440
996904
955952
927320
926663
942545
944900
997267
927153
982841
975223
937265
934858
992010
980974
975117
905954
935255
919014
902414
966052
982591
903277
901082
958054
922948
907600
917703
947460
989912
979548
981053
919247
946379
950746
999552
980972
917273
979776
983612
975287
979539
936906
915740
909998
957938
931378
922125
985236
918250
923304
996989
981959
920983
960573
951508
956664
936159
993130
928014
928911
900110
995998
928191
993477
933976
980465
957403
912123
919020
905714
950819
940631
958989
986758
993851
905755
905147
966440
961538
976633
921157
912260
966107
997434
938805
994976
942490
943392
963464
905780
914518
924410
948465
931578
940708
958449
956129
901092
996489
923424
960002
992234
903922
914300
963801
984148
994299
976944
986001
946837
980382
962329
971111
956905
943243
925061
927526
997109
959717
999506
961920
912799
968205
941331
951788
961787
924388
956440
911524
914805
996062
940202
983608
931144
979711
973650
901736
996488
908117
945472
908148
952187
966597
950381
960948
968106
960134
925231
901780
955449
902646
933025
956113
975018
956278
945212
941879
982648
947630
947049
905158
974160
960359
929454
937122
970361
960198
992418
970220
969819
928801
907367
931761
980121
964903
936280
931273
918095
953173
954542
983799
902450
944813
981755
965986
906949
993508
999301
939915
984300
958780
909828
960670
948443
912055
958557
906507
929665
914710
948927
937029
918965
958388
961796
987249
933785
999612
984824
991376
929134
941109
985820
903930
976245
981688
944773
907993
903334
931367
933687
976770
908939
902075
970399
924351
906158
912906
939976
972864
991319
990108
993062
989056
935040
947224
947865
966306
967963
933983
927526
923338
913261
979112
907195
948604
957153
976608
968831
991715
967862
981606
989077
906601
955333
914372
996001
969366
909864
944610
922611
930903
971012
971556
954377
951600
981363
962597
964877
964027
982094
930157
927177
978877
970722
939398
946748
990615
941330
916275
998440
984511
982059
938723
967130
906811
949040
922398
942245
947116
926862
997616
945065
993565
947051
901356
929850
943383
901005
952865
987365
904364
934087
920784
913957
983550
906946
948219
990177
943526
975174
905277
951494
925316
928260
964355
901377
916527
930841
903179
921299
959507
973516
905275
939188
959354
976621
951988
928416
951485
966473
927943
921311
948964
906539
952733
980896
916984
990756
924895
943722
921418
995048
993801
999217
969519
915047
952826
956474
914675
964386
993650
957148
943989
996384
918046
929186
918033
949161
906936
959604
972874
949917
932102
957384
956224
990979
950739
985204
935025
942850
928160
930459
949852
949630
907248
965616
956520
965963
941262
998546
967761
982500
994351
983015
992928
973348
972392
923288
915780
981341
987768
911539
907715
915189
903941
987400
974842
910390
954171
995390
921727
979996
908721
929460
903858
904662
966246
904729
933644
952294
955281
971770
984507
953194
973704
924675
961038
