953
913222
931943
966372
984099
977121
904107
940703
954182
933933
959941
917323
955580
972393
945349
904052
981672
993938
989177
912179
904699
932004
921435
901024
996647
940679
908127
986169
916491
915230
982201
983218
951285
922440
989932
997200
964345
952391
987705
917718
916245
981826
910488
954731
984158
963147
937485
970853
989635
950584
913293
965275
979510
978027
964128
921511
932602
962929
904825
953358
926484
958687
913949
945806
934366
919224
978215
977229
907672
950492
979253
918411
914154
961335
903813
952760
917120
903796
971702
945443
920717
954781
983114
961307
981584
913506
928831
959688
986395
915529
913660
919490
960331
979221
937052
905080
966905
937816
966418
980364
908471
900282
957554
971307
906675
930257
980207
964852
915060
948231
914916
945730
928844
988552
957013
998416
974512
909469
900068
991509
902466
912424
996613
962490
999330
922444
904063
969874
996613
922165
958133
946688
911745
934599
957089
926198
924645
962781
934026
935369
961379
903361
965077
900433
913238
998109
962326
980301
956552
918772
907782
994816
948292
994818
996128
969127
993808
946299
939829
989266
944034
982191
996385
958473
911469
941642
911922
973865
928689
907706
977929
913440
940881
928345
928593
981666
988018
995881
949823
983037
994306
910022
988226
907139
981460
900541
915055
952761
924403
992666
940138
978815
971417
960963
945948
927659
985236
932664
999875
979959
920804
912023
979127
983411
978955
971847
964135
948451
960335
996089
925564
909647
991638
920861
918123
949714
989889
971529
984703
957038
917226
961349
947897
910341
970542
927000
980462
938299
910924
986753
992783
976715
958087
934288
965247
939078
964928
998139
982406
924369
921389
958175
995217
973345
914066
968110
903123
909132
937077
963532
976818
921594
955051
970744
943964
938356
907812
999045
995159
921577
980329
936221
914810
952386
936740
942343
999537
942279
916647
914244
972070
933810
955980
974664
962703
906242
954244
916914
902758
976969
952595
958178
987108
971068
985900
981597
946528
955358
974105
969703
972808
920336
944768
977176
963467
958944
979723
955468
967680
916135
902268
915790
917293
975854
948644
936634
966533
977023
978827
953816
907848
971199
958362
959717
997311
950633
923842
920341
911139
997725
986079
949004
927410
900993
908042
947390
944777
942545
901544
932574
975384
934553
922477
903772
949535
961753
934837
937783
904680
967523
989691
995778
919143
910452
989915
976149
981458
952650
920953
902424
910346
966375
972807
986728
945163
951297
974897
948050
908006
951360
947044
938411
972430
990798
923605
920330
999223
943589
946202
978650
906467
950351
964646
920051
900153
964917
958284
953388
904705
999145
931667
917619
910936
923379
918139
934569
923495
931045
915627
949428
928148
953842
976023
988443
914633
951436
942534
963112
962207
971369
968956
992209
929225
959555
967138
985800
969253
988399
998386
961574
991000
921093
906474
912526
932225
999256
965947
903305
949595
981981
980488
988788
964782
980715
983796
916833
940309
995927
945701
904942
950180
968976
951323
940130
950309
986621
931865
999507
937609
976002
954572
942927
934575
932804
979882
944849
982037
997039
950200
908023
970109
997038
967503
923879
910643
989152
980752
939149
972775
980172
987149
953456
986680
964485
978036
960628
953754
943187
942082
962936
991694
966837
985235
930205
924579
926471
961395
968769
947842
933343
901407
974007
910167
923468
969628
926366
950644
917305
929033
979872
999820
977884
990232
954261
940441
963142
905415
986485
919607
989725
923791
933064
969071
910943
908990
927005
924904
919741
909955
958938
944329
929663
983679
902602
981505
959286
950482
948010
916260
996927
907462
943527
948795
945639
989613
972115
967700
910328
975476
919790
903838
975538
923397
981956
941376
913807
915360
989329
923120
982052
971225
929711
935474
986921
916434
958349
937710
929934
942535
949828
977463
906217
923388
933075
964371
920140
948273
937255
943265
967292
928340
937889
902367
962026
904457
916532
928942
907300
949112
963456
982812
914452
906086
962091
902092
984884
905568
939818
928451
964250
937905
954024
946901
975821
901986
993694
989133
927018
935282
921272
986294
921727
964349
917955
996414
914022
966622
958106
937684
906493
986435
902861
916045
904186
998139
938595
977951
914423
965304
943382
948639
964354
950220
985052
983429
952402
985110
971178
992598
914509
969220
977601
927145
922838
953105
992987
972648
966749
914854
918999
967186
929537
925826
974336
983001
972115
952879
971402
952869
901888
985990
907234
979851
962288
994075
902906
902100
978503
973146
918674
976636
969967
918918
967417
974484
910162
983150
946615
996595
993634
957973
931121
960156
970130
910890
975239
914308
921785
914142
976324
973727
998708
993766
906431
964699
962745
914201
988558
997567
949084
927961
931840
913113
958760
905989
933839
989047
914150
996190
974624
969760
926116
924582
961410
955006
937358
906746
939903
974674
992043
950293
995638
948418
985068
948596
956161
982262
903768
981994
968180
939465
912057
953697
991643
975211
974148
961315
973041
908428
943684
990381
931801
964784
946994
987723
976988
964069
905763
905339
995686
986739
972409
949764
934963
961093
994504
985424
966833
992485
911586
900096
965767
964507
970481
960298
969415
909999
904519
945534
951642
919465
925820
962381
917396
912732
982591
993094
927213
972766
933387
996797
979448
912176
914235
953495
974017
909088
945305
906188
962284
947480
900826
931348
925340
914473
911833
926687
934823
955411
905885
961515
908184
903153
993056
969745
935761
983344
965791
981555
961316
984330
931454
960610
978610
920287
974691
915523
927800
955016
946321
953335
948656
947439
958609
957056
906789
953720
988063
947230
911659
946441
919593
919396
944274
910795
937588
906734
944665
943813
961805
928195
907506
936462
947251
909292
907704
914253
998422
987729
994213
954738
956292
951905
967114
985862
945039
905329
985758
954926
972676
907146
925733
919003
916562
931394
928001
947134
926979
944529
910696
936517
924639
935555
993572
903443
938719
975218
952796
925538
972923
927800
952430
998750
933420
932382
986163
928580
959531
947130
946449
919555
918791
925201
951992
968481
941324
938749
977664
915166
982461
975249
907257
947524
946068
924857
965394
962183
986122
920526
910277
996749
978014
970243
984639
923708
924597
947523
981835
947913
909907
989335
934982
976556
940124
947551
945163
937424
972628
908607
948922
931256
994851
914755
928523
968073
907771
910746
914645
955108
922982
962154
974461
942458
987199
950769
981920
978206
943835
915249
967991
906330
921236
985421
917603
972428
909642
958168
906554
984744
922901
961928
923760
965282
988223
992888
973206
956615
936696
926535
919054
990088
978880
918767
929282
