914
642786
637015
869481
306741
88295
757617
871090
85129
436199
746714
627971
727192
322180
415117
756464
136904
600995
717878
872326
734788
92154
663697
923109
502752
433255
961627
625240
434138
722207
290757
215098
408814
907462
48103
469678
839837
723402
460349
954738
882804
894709
690845
607943
63218
59401
974079
641538
324775
241598
98239
903449
746358
667043
325310
358297
213166
984784
225122
415715
874663
871616
435775
185461
301723
137665
932701
157882
70871
612459
980908
766637
442341
973128
192306
203624
185809
627255
688059
712171
720666
774260
447232
805901
654640
997218
687112
994308
867005
743134
743005
359668
555815
588823
935958
858729
25324
957725
819645
214095
716068
174768
361610
843405
748806
663345
827823
93106
474767
565058
584690
299093
642440
295123
733085
757931
437329
44099
530852
472540
357290
774676
668372
917944
805259
256596
333366
155075
721813
236104
510294
94510
651050
540933
913421
288785
617742
475920
886896
380273
979374
663671
89526
371865
65132
657746
87961
796949
818642
195579
326005
772154
593050
76961
751823
499732
331181
476141
287318
447185
733314
286403
996730
234028
708734
914547
150082
943977
674442
336718
948093
87487
76703
829080
352956
915270
973116
459215
828910
111236
630990
57662
899274
872254
64886
398068
341297
630486
982175
891753
491136
786921
247161
531929
989510
381960
781843
553529
589453
307594
979764
124765
105803
417801
387496
801779
960212
339913
289136
399815
731180
168148
706287
337390
172624
99987
78959
265718
857694
405512
303378
870814
411035
126191
686686
404593
630704
249076
43135
566460
639664
586343
807283
59531
609056
836544
102618
448416
648374
252805
674020
694094
668508
931314
384279
787937
148506
335825
663374
833513
268778
83572
26963
621078
995437
418937
227266
82907
471137
196460
460198
548442
292063
444649
44012
190073
180815
735993
241676
82238
297979
81356
736678
516042
475199
462107
479008
812955
495197
109875
161704
566939
620443
855516
841363
413861
90341
487816
182243
137698
987381
816656
932165
206750
636587
638386
862338
183487
706403
548233
34822
886753
660099
316468
955796
464597
817343
932594
994554
446704
751877
279761
85345
477937
490547
670551
344356
665783
431805
795587
386630
322899
209063
446242
968643
827488
926820
5890
874587
144557
153151
842225
426657
365727
724974
385744
321205
181697
996307
180418
734145
488877
778393
180721
729278
199031
927824
971546
240567
650953
218546
220379
747289
909535
973889
536071
932988
663135
941002
905620
953437
96756
957609
868377
644484
130376
164399
845475
783538
59936
25806
571243
205231
428231
712567
532389
57803
88492
711168
392192
184033
820964
258121
381172
403836
923324
358336
984290
424926
317047
652093
577358
396421
439624
912144
458916
846503
669058
836483
677415
173092
926438
560408
320477
680129
323055
448644
878134
312412
606406
5274
271609
564885
668493
546478
263900
659526
843323
266467
603048
292820
612860
52522
873165
807008
479351
74953
207730
483748
296384
491928
333477
645463
863855
777006
665900
948494
725599
691737
571042
438512
662755
829721
541046
424794
716300
621138
33842
835434
346678
424092
403106
650625
397631
245418
634167
84230
256512
90262
575808
84434
333271
188454
270850
673677
336964
492408
634634
604284
681445
742550
884044
438711
332326
670963
737615
713349
308281
738273
601478
519031
154132
34273
199214
237503
774530
6802
999337
877683
37319
135312
736058
594803
613511
151872
400737
547394
22678
874417
885342
737274
145512
728385
507960
631016
488857
114903
108768
110375
324707
124264
993662
803448
15377
857309
882906
939841
26084
27985
129556
597972
126125
593036
519495
71544
70860
494316
194694
867072
632862
340799
923217
149719
152131
415380
563607
267152
314678
161173
492329
996343
582746
354056
114407
291295
622023
791994
734272
257647
782857
108909
912698
277987
555406
649276
999830
796708
771609
684510
233781
248246
445073
789646
930525
307591
778031
110377
251478
964977
983566
448559
329761
499013
944912
20748
98705
983021
217411
713304
651777
65010
992257
198037
154549
147737
246805
566170
207994
509150
877500
435769
165100
289953
413174
309844
821971
252350
29432
42190
529495
753808
926371
56877
824858
804759
780899
117083
562942
653547
941940
531215
880401
443749
719545
20302
392948
830410
891475
694705
289892
85792
809570
268728
897849
583496
56967
354018
897513
417921
914730
520014
102305
24601
408787
642355
836519
145236
567752
459390
879272
751013
946637
952357
462066
908233
293355
898884
755029
612631
642447
341273
267932
775878
214528
719199
743068
191403
18172
970209
534011
471872
985817
455895
716157
122460
563377
824086
752019
829561
907811
409441
276432
713435
695528
677152
559245
182940
912654
187552
384181
231946
439008
43326
506033
909744
956607
759019
511802
379572
915578
399510
902172
825706
756622
854750
78269
782698
767873
852957
821390
537063
784455
749796
770330
956460
729332
61634
380062
377321
428384
573106
151023
82645
444233
413959
715708
919330
797926
324809
710974
932658
193375
124192
301314
924840
962265
908948
337681
758285
913789
350073
73200
593768
687816
28366
34405
866874
897309
392710
314987
791067
717260
485436
828616
823141
657087
584199
181210
10199
955329
422305
729758
616970
684487
609229
58770
413040
335902
75260
401443
260727
77526
321624
561042
472215
143152
748429
147690
965879
408404
738210
860548
651395
578753
178599
272842
43401
297973
936700
377955
806585
943774
253078
610982
474913
886016
631292
425317
189501
57771
180356
643419
746472
896150
799380
569384
369104
993081
446264
781347
138374
127123
798613
472963
606017
900763
258027
546792
78128
799470
189586
226491
226101
828627
862450
873378
859325
352414
14954
859906
383038
960585
605213
802207
207109
952800
445934
911585
566042
902997
853678
633524
201957
70073
953453
741588
924329
780025
881258
313400
979191
904632
575520
606277
862839
665913
968841
291077
65466
775788
484261
240010
241490
816122
887700
937146
571530
411521
831032
709472
691781
659915
76283
92422
838111
542762
700939
71652
44947
150419
150168
359015
908060
91400
638995
833545
501547
41185
753507
314644
540719
37586
417777
450880
300034
986849
872570
567699
815317
357103
376361
998233
671602
646670
667586
941407
661480
255697
533617
982441
566444
430977
953997
163300
841529
769821
944814
724502
264437
140284
911699
804919
184009
916784
11530
