815
863706
561380
982822
824832
683863
364156
75953
880005
671405
786795
569936
284715
477265
52871
513746
408267
750489
352209
133659
174115
598164
746545
48740
786922
222904
172627
125456
500790
763528
131967
858667
80444
378820
492513
956512
631707
266244
90766
894444
766061
411034
201003
224740
461241
479235
854525
457658
2711
792379
331786
918093
263538
329623
500842
222639
77374
188597
232566
399882
165279
414339
96338
431119
585081
678516
794807
155425
126005
885867
235351
621971
416401
411668
959597
779584
205841
20708
247468
416867
265025
38498
221748
485972
255034
974949
480269
135571
346745
126196
220315
265019
254885
581890
815564
722295
63860
181459
890218
274145
107717
491598
558978
561124
363117
75286
152873
508984
363472
52959
867276
20404
21845
434506
953763
478963
418852
981596
38743
182520
636028
427663
461254
793444
495122
733622
425840
46443
311970
721902
607076
584955
571765
177787
553905
209738
385860
91979
416610
386604
435055
735391
882240
355388
838056
928645
11675
63707
861906
935700
14117
220278
506345
398011
163485
778926
70403
214896
511002
970791
63346
732344
944546
738942
74655
577372
434601
165849
721622
209430
501808
373527
700099
280394
284427
245177
848254
801220
582325
26709
91993
807234
143337
724227
993465
253822
289493
848395
427160
166276
545793
975906
783101
804291
192414
649409
113669
589665
711087
736987
760786
638157
890430
295713
888091
376326
319243
482606
404002
2869
998198
230473
14910
961575
587232
163177
772112
237707
534837
842981
592335
836097
377167
375170
849525
779419
213710
228352
459629
752663
940374
277391
632337
654241
232886
359843
16524
37660
921924
834486
958843
13975
44601
497084
734930
25983
619123
7402
203764
252159
16173
178544
363109
487939
335662
592119
655978
43236
14549
253128
865569
476544
757222
526991
724516
82472
856973
471134
659748
804962
611026
327586
826609
708760
109727
980254
507544
390939
191954
791573
845440
374411
994228
132828
908784
481953
491935
77918
747327
577166
217388
786757
140389
795728
801294
732533
162974
334136
474030
748166
158404
336416
489802
977267
971024
631717
34924
796623
869092
765792
737338
925961
474306
294205
224069
474556
347015
262786
822141
669897
650233
973200
725260
283770
224217
469319
383918
267055
987291
194254
454103
75195
405276
111469
543587
669850
991181
5731
414159
91916
272551
753212
303068
887821
532355
417466
127454
65298
904891
754226
730754
64431
604083
705965
499416
560251
274584
816617
852557
991133
136509
530392
342550
55929
764966
931510
686704
75036
345204
234188
456598
667643
476153
986791
944892
945673
122766
960296
228626
623248
503399
872369
467267
31761
847548
275830
770007
597617
277725
717109
885871
162701
773312
754602
290373
653828
779274
741776
466883
721920
23720
355137
515741
937337
984920
807963
209751
29515
214850
297851
38434
703441
995295
724266
619391
969940
118651
748393
669008
190736
787925
434602
971286
976650
99913
795949
288752
248569
476020
445751
162313
416357
234332
37175
192132
628534
117442
562075
953799
604483
873574
161174
203515
18222
493786
468695
629159
383439
24017
819316
595120
468689
399880
363931
25943
984999
587791
521759
389336
813368
480761
841652
953863
34595
285466
29634
915066
511530
569381
131322
832513
676630
491559
908188
802889
213042
335352
143943
805874
827127
252427
622897
911413
973975
870196
843410
640270
426833
605796
847059
926180
763429
232071
430663
574359
518005
988491
92157
745152
504020
609152
1510
190619
52727
314741
98975
977541
943675
167358
804407
208372
794894
258425
875269
324903
733198
563253
704303
569158
694327
531751
674928
307046
322401
233794
836190
882639
909630
277883
798052
312426
907787
525321
588082
366025
499974
181221
333523
407468
121556
483894
10429
230587
73749
801475
253576
341059
421903
616488
796020
744651
158396
399162
950504
233815
663583
867842
369746
674657
436389
177306
535483
422406
788266
61598
846947
573927
261625
933675
47470
425556
446828
7161
36421
160342
160563
323435
135892
126821
726351
563700
960186
132067
713960
15881
750049
913025
915571
796607
837459
800056
169328
883118
910981
438885
423335
407597
770312
787779
586329
685164
748152
960631
723118
935889
511060
30989
700343
91075
600478
195188
324568
978899
957938
110285
514977
38208
328548
406883
204182
417640
124773
897476
198615
556522
15313
134293
207905
772970
579797
901220
438723
283837
696341
326562
54310
228847
113161
991837
488165
333966
234778
518643
447463
12128
85596
134183
607404
65751
173483
622726
739346
498105
104211
460885
16952
598884
615509
394757
286339
193848
676137
667740
247602
476128
142988
385468
579730
969853
976264
762357
483021
321490
13274
514648
748720
469024
853751
353821
82688
87466
744674
515354
862657
966255
157964
207780
328220
495230
89955
507692
578471
506700
999417
963663
452229
863893
9162
346833
550470
175173
119084
454482
464579
471702
447717
393551
80272
160234
668783
99694
825130
207027
25574
368133
837312
94139
359066
131560
68963
653932
932878
272300
41933
299802
775955
329858
520459
584249
806864
965536
657692
286086
955095
207805
696638
169027
223361
19730
521608
995487
673506
889916
499468
34656
560745
731929
750447
586192
825778
419366
184438
821802
75731
887552
76177
377101
326934
952318
97610
458824
309013
699481
316745
669090
252939
990502
88344
836545
628647
204824
888001
56565
369996
742367
607327
629653
409015
611696
93162
760366
243679
455737
566961
511099
525511
598066
603139
840916
51747
2187
525193
431597
971930
856279
718816
1410
896016
746608
885185
441500
465014
272614
92740
955709
540739
908316
587802
847179
983520
736963
555976
903627
864764
341250
839799
