1000
271893
208005
886818
861081
443312
649987
213055
315614
219857
352740
598392
692142
906359
499921
585721
781611
915673
550034
524038
922583
606260
580084
668411
374253
655085
304428
874008
299044
296681
985550
892684
591759
774033
267681
344870
124379
949683
820240
221946
460244
407810
5487
703591
317372
200094
648098
310997
823302
7482
1299
419571
816029
174781
224245
810660
65657
514695
734918
288875
501262
238154
308906
429737
551096
861567
55308
477443
987364
10789
705860
844164
484717
486393
951107
464491
999606
706734
794638
527039
346330
498910
294906
243951
103982
60132
825462
650228
228514
10862
494385
90239
868506
954906
992139
50612
763189
876264
560626
244602
608861
476342
80255
303742
376576
147828
348388
594675
229256
249317
934317
295949
143181
571764
346281
278503
102206
427360
573481
701635
747840
699838
246480
997045
663966
203097
102530
699585
748737
464538
395905
601620
773765
273228
596991
375686
545808
413317
21103
676953
796488
64913
627148
958009
616604
863793
641716
768600
451026
402797
987536
372235
703258
183581
158880
722155
437541
826205
845621
400453
381549
712705
400475
265488
307582
940577
17938
464197
875051
781284
726868
643143
748339
3418
56995
673979
961673
888519
59062
748204
256215
793405
360221
260127
724382
753361
176090
716072
50513
801615
513777
753062
397768
263160
446505
536840
254570
930351
432765
345698
78174
323510
477725
260941
545559
218140
125772
515333
643566
561492
157122
499736
596432
430448
628927
109233
430256
529579
137231
177617
340515
710465
45418
173452
529325
25033
976023
127669
791862
19662
851555
26131
433845
675843
212301
188709
621092
633069
594674
912368
261710
993460
1336
297503
147258
42526
983577
363293
452241
713839
109371
690398
743021
961910
558375
182483
953064
732043
709383
280499
500694
950040
385564
935963
871264
408562
827199
963855
496871
290000
29314
726386
44143
335982
828919
471615
916998
802285
806755
40049
435679
713988
85852
966303
836148
33359
770266
769406
998614
407904
287231
511520
767153
573223
846062
377232
421936
97138
899676
371051
599433
701731
160007
647905
274651
946160
415752
780554
937348
823867
152287
376070
839020
326867
356343
199588
400121
754717
77609
244179
265427
304138
502992
572735
262416
402109
226317
866546
190817
364430
94450
859085
92479
773966
609063
183947
23056
780779
768446
374365
923027
175256
272373
777533
776182
982678
463781
286444
900049
898561
332185
481626
607575
879282
503064
9286
130757
410037
866814
97544
605487
20930
198914
598830
733840
947157
275020
125952
500229
79279
211406
86918
332797
433052
707441
864845
912786
355749
24390
658351
874866
42119
805590
162065
582998
500787
978256
864837
476089
773026
248096
936893
671980
343424
268678
966064
661589
386795
92173
80642
786554
598915
510259
398643
941552
694948
895577
464579
427070
347745
890855
682852
141456
937638
988155
486284
555985
913452
973732
609099
638549
587736
846212
410138
607051
871452
632874
588599
161824
382177
393190
267782
227468
568899
652855
40848
719522
843975
561654
160727
140409
942754
220094
317612
827476
471528
775945
46821
789230
196338
479733
630809
854666
291041
348965
244309
469806
208406
998905
652345
937058
516049
947018
183034
767687
385642
569588
341944
923928
790192
349411
168434
182686
406956
481174
185418
87169
636913
412721
256352
135752
68446
42498
725652
378553
25482
359622
662786
260277
640079
286923
14755
826822
911290
370084
315080
627575
399394
593255
488140
944086
972678
701543
408183
92446
29500
450089
52273
226668
591296
889433
222815
522207
980198
231659
390986
343840
882904
960543
755636
574891
137607
804736
589609
664611
299168
720786
648556
812083
218915
108935
351662
786983
92647
366683
1197
664215
873302
895690
961062
982941
415032
436952
88608
995442
426739
976832
860549
159211
574004
199520
565755
831982
454494
49059
963165
794628
802401
238049
712989
766119
85964
69643
744241
413280
106309
908385
245605
667797
520503
407774
678361
377144
813533
317434
957013
809218
462304
704943
517872
709612
120507
712357
857727
631327
447619
353433
386365
732048
980020
882892
371475
485
331462
821884
722086
106291
664671
880927
196388
104034
788496
264173
593935
420842
410457
597426
275416
786272
997045
24653
23735
702439
176363
695534
593684
988014
742130
653682
52161
210761
804951
902262
953378
768038
499351
698512
845302
484248
958680
162154
372857
65947
830773
763026
774197
669354
399528
897805
744551
368253
36477
252568
369734
32104
810287
113425
117569
266126
29680
398037
653528
289180
100938
308706
998656
488818
566620
99862
130619
419961
415650
169133
51424
730044
141820
416048
550798
267140
9548
117760
650548
536884
956146
421696
66491
358512
925343
795903
870469
137117
358946
783728
95514
505110
676596
993878
376397
598601
806823
771060
474694
313202
810757
760770
243380
622736
296838
747092
128352
721034
266706
133312
927970
89761
589900
811587
984012
766062
850093
88350
90972
593291
157639
32169
892535
959528
720888
209038
799990
743464
443372
217095
551229
736046
619466
864654
981803
996539
647839
935956
911555
199895
573343
20132
755845
32573
622377
916462
693830
667391
328143
831379
39801
429379
752949
902025
104477
769747
777450
134343
438337
487582
81346
525926
389074
17076
949719
368279
315161
663684
172924
437960
157348
503885
406242
19183
713948
975808
528086
719879
113491
226802
971422
457323
587911
787704
4008
567918
930523
837818
202400
793474
963068
628084
30068
858077
235490
860870
351093
648747
531659
179993
897728
217603
572679
911229
940949
536001
855039
364639
431202
539119
225318
920814
711284
232999
14537
753263
145053
7605
270877
720191
498645
580815
533394
80819
19031
762990
339166
657604
455291
903123
530172
600339
366508
26768
207945
999589
241798
549904
642997
809007
744016
292440
525574
262936
798850
20336
430904
551488
188999
952608
815089
353121
304264
377612
852078
416785
675408
498368
590525
74004
498594
449952
689730
849214
276269
947258
961313
207076
555984
633715
190131
627689
121158
650852
667982
50146
746707
440770
848162
179346
967902
858550
604359
389389
316571
171071
415978
672339
372760
10864
704582
183296
37670
670640
410406
653078
870424
775620
210317
845747
294445
39337
51905
964120
381376
230126
479530
84955
464136
828978
131223
999634
155776
255564
693060
395158
267563
639521
307221
152710
161028
690054
438808
832375
167172
156407
435352
375392
871105
296759
111161
721244
265970
777159
120275
905088
467005
866730
87803
598908
236701
310778
770224
737525
832560
720194
106526
393410
400923
369232
38417
812686
140001
957812
542702
452904
51060
91206
310116
273954
924778
437490
198362
579022
286075
826630
389648
220743
159350
982550
172063
186872
481699
704228
82541
776023
996264
214426
930374
884948
325990
430212
323642
229019
34010
767114
45215
492341
610802
428870
38995
866433
824154
138718
562555
284040
254209
119751
210148
588033
158561
756746
549446
675231
865748
645974
520597
434693
