1000
999253
999229
999528
999843
999646
999292
999009
999018
999718
999082
999454
999708
999950
999947
999828
999218
999505
999548
999891
999001
999851
999442
999750
999055
999026
999973
999616
999607
999058
999380
999220
999525
999779
999623
999401
999962
999351
999100
999232
999250
999047
999325
999290
999492
999254
999244
999350
999207
999985
999949
999927
999177
999683
999897
999250
999504
999491
999808
999809
999912
999091
999548
999454
999827
999052
999214
999313
999787
999721
999513
999379
999942
999074
999284
999089
999755
999986
999660
999846
999333
999075
999117
999475
999319
999586
999569
999937
999563
999408
999350
999836
999153
999395
999251
999978
999928
999922
999114
999464
999175
999941
999637
999426
999505
999681
999330
999235
999911
999712
999201
999378
999852
999146
999975
999582
999371
999301
999900
999196
999648
999299
999739
999441
999295
999983
999765
999852
999783
999671
999771
999126
999157
999544
999873
999956
999046
999839
999831
999370
999683
999887
999599
999394
999898
999873
999678
999455
999845
999731
999305
999084
999620
999938
999957
999844
999700
999577
999745
999500
999158
999330
999683
999038
999955
999663
999053
999723
999161
999068
999436
999183
999128
999675
999543
999616
999023
999208
999382
999599
999975
999586
999870
999410
999689
999560
999858
999428
999868
999670
999814
999698
999549
999978
999772
999875
999585
999167
999942
999865
999664
999500
999546
999483
999674
999611
999664
999172
999000
999616
999016
999082
999561
999560
999914
999403
999721
999280
999203
999821
999966
999963
999607
999334
999236
999817
999782
999107
999278
999954
999711
999496
999827
999437
999041
999372
999998
999319
999020
999419
999952
999300
999961
999436
999717
999198
999658
999774
999586
999382
999730
999927
999001
999358
999838
999405
999376
999495
999161
999593
999182
999920
999420
999633
999204
999581
999862
999486
999163
999492
999569
999140
999788
999810
999364
999871
999736
999975
999548
999555
999088
999511
999496
999484
999474
999071
999315
999296
999619
999052
999266
999775
999446
999071
999547
999223
999259
999584
999364
999110
999829
999221
999867
999991
999034
999013
999326
999671
999066
999860
999958
999765
999155
999312
999455
999911
999867
999771
999735
999387
999102
999391
999712
999222
999878
999079
999305
999553
999917
999190
999391
999964
999497
999065
999746
999209
999802
999216
999829
999593
999483
999379
999297
999313
999686
999427
999192
999742
999053
999972
999921
999099
999844
999679
999566
999497
999288
999862
999209
999703
999624
999172
999753
999367
999058
999444
999799
999508
999507
999418
999366
999761
999043
999318
999918
999095
999699
999504
999230
999391
999664
999910
999633
999309
999045
999422
999535
999414
999958
999335
999155
999730
999370
999562
999245
999747
999307
999298
999892
999964
999035
999410
999456
999706
999021
999500
999037
999950
999819
999227
999814
999814
999378
999428
999785
999613
999004
999002
999784
999153
999876
999497
999544
999028
999703
999936
999479
999572
999993
999247
999343
999401
999702
999529
999611
999743
999627
999888
999755
999898
999691
999421
999570
999263
999051
999128
999335
999362
999911
999887
999392
999824
999299
999371
999691
999439
999445
999183
999448
999397
999951
999949
999533
999549
999821
999496
999632
999845
999683
999712
999858
999015
999763
999921
999897
999398
999323
999115
999600
999097
999749
999324
999880
999638
999231
999452
999107
999845
999843
999921
999143
999413
999991
999808
999312
999755
999504
999976
999804
999280
999732
999334
999497
999977
999534
999122
999060
999257
999125
999895
999559
999035
999594
999024
999561
999234
999425
999241
999215
999339
999067
999016
999126
999039
999554
999749
999424
999454
999457
999595
999888
999711
999234
999139
999707
999522
999716
999466
999801
999463
999397
999753
999024
999250
999453
999885
999750
999282
999105
999405
999818
999373
999730
999121
999673
999236
999676
999762
999286
999685
999920
999774
999956
999560
999851
999503
999885
999679
999746
999798
999105
999380
999631
999666
999427
999587
999714
999879
999992
999597
999686
999312
999839
999173
999896
999659
999486
999125
999712
999844
999491
999300
999400
999694
999017
999909
999194
999433
999236
999198
999818
999022
999159
999343
999539
999297
999792
999985
999831
999155
999468
999337
999139
999330
999542
999086
999281
999948
999521
999078
999194
999885
999643
999811
999677
999343
999020
999037
999271
999924
999306
999094
999255
999873
999223
999773
999465
999808
999246
999338
999694
999549
999158
999385
999324
999273
999432
999868
999878
999362
999518
999987
999081
999435
999996
999741
999108
999890
999046
999686
999504
999274
999593
999620
999015
999017
999768
999071
999343
999801
999827
999380
999478
999084
999097
999158
999912
999022
999998
999072
999807
999465
999041
999269
999777
999107
999747
999033
999258
999728
999357
999883
999165
999112
999284
999046
999527
999880
999353
999743
999694
999625
999864
999564
999331
999427
999510
999141
999792
999948
999689
999394
999479
999326
999593
999973
999860
999113
999342
999526
999645
999907
999187
999273
999583
999335
999852
999310
999061
999448
999071
999551
999600
999288
999798
999101
999422
999794
999898
999085
999677
999807
999993
999755
999156
999486
999693
999801
999154
999747
999955
999665
999313
999144
999103
999060
999342
999447
999821
999874
999959
999970
999617
999943
999470
999629
999698
999120
999145
999565
999491
999728
999789
999337
999013
999363
999610
999422
999437
999413
999339
999873
999417
999868
999041
999328
999627
999806
999545
999083
999299
999443
999323
999233
999830
999215
999585
999385
999683
999474
999467
999660
999645
999770
999546
999736
999598
999641
999405
999270
999705
999343
999689
999504
999426
999042
999216
999930
999850
999800
999967
999640
999821
999016
999330
999978
999693
999507
999794
999502
999066
999440
999327
999351
999851
999371
999980
999563
999107
999960
999432
999311
999801
999558
999585
999712
999066
999312
999094
999449
999042
999316
999191
999529
999368
999910
999817
999131
999700
999979
999212
999389
999993
999748
999010
999294
999557
999628
999936
999172
999724
999269
999154
999771
999930
999303
999042
999535
999880
999888
999974
999586
999385
999116
999523
999611
999433
999088
999521
999287
999726
999289
999438
999601
999041
999462
999701
999292
999414
999266
999263
999182
999828
999114
999971
999795
999267
999536
999231
999393
999656
999628
999082
999561
999294
999036
999804
999472
999243
999242
999692
999038
999097
999460
999210
999516
999329
999588
999801
999009
999362
999251
999740
999471
999221
999629
999215
999122
999655
999238
999457
999976
999516
999748
999485
999119
999475
999594
999569
999932
999080
999259
999103
999773
999437
999166
999317
999692
999571
999401
999589
999363
999150
999592
999025
999025
999258
999488
999034
999730
999629
999233
999298
999830
999623
999956
999436
999821
999800
999081
999823
999990
999290
999297
999812
999559
999476
999747
999005
999970
999036
999101
999012
999009
999867
999233
999902
999032
999749
999696
999870
